0 0.923333 0.671111 0.113333 0.091111
0 0.848889 0.622222 0.071111 0.073333
0 0.780556 0.633333 0.072222 0.066667
0 0.893333 0.562222 0.111111 0.075556
0 0.826111 0.555556 0.043333 0.048889
0 0.708889 0.543333 0.068889 0.064444
0 0.751111 0.573333 0.057778 0.051111
0 0.666667 0.481111 0.040000 0.033333
0 0.667222 0.455000 0.047778 0.036667
0 0.608889 0.474444 0.048889 0.057778
0 0.545556 0.446111 0.071111 0.072222
0 0.512222 0.388889 0.071111 0.073333
0 0.155000 0.579444 0.065556 0.047778
0 0.077778 0.531111 0.055556 0.080000
0 0.225556 0.460556 0.057778 0.085556
0 0.149444 0.492222 0.063333 0.037778
0 0.334444 0.354444 0.037778 0.055556
0 0.605000 0.401667 0.054444 0.047778
0 0.629444 0.424444 0.052222 0.040000
0 0.746111 0.512222 0.074444 0.062222
