0 0.518889 0.587222 0.284444 0.192222
0 0.351111 0.542778 0.097778 0.103333
0 0.458889 0.476667 0.177778 0.117778
0 0.389444 0.355556 0.101111 0.111111
0 0.666111 0.280000 0.061111 0.042222
0 0.711111 0.271667 0.048889 0.056667
0 0.763889 0.292222 0.076667 0.057778
0 0.819444 0.296111 0.052222 0.052222
0 0.875000 0.291111 0.072222 0.066667
0 0.950556 0.292778 0.076667 0.058889
0 0.232222 0.606111 0.148889 0.067778
0 0.335556 0.656667 0.126667 0.111111
0 0.127778 0.693333 0.095556 0.066667
0 0.170556 0.750000 0.105556 0.066667
0 0.343333 0.308333 0.084444 0.094444
0 0.613333 0.261111 0.080000 0.080000
