0 0.554444 0.450556 0.124444 0.096667
0 0.500000 0.615000 0.182222 0.165556
0 0.571667 0.354444 0.052222 0.071111
0 0.743333 0.328889 0.035556 0.035556
0 0.722778 0.320556 0.036667 0.052222
0 0.780000 0.334444 0.037778 0.040000
0 0.800000 0.333333 0.033333 0.053333
0 0.833333 0.346667 0.046667 0.055556
0 0.866667 0.353333 0.048889 0.051111
0 0.905000 0.351667 0.047778 0.056667
0 0.950000 0.348333 0.082222 0.063333
0 0.461111 0.472222 0.051111 0.073333
0 0.223333 0.651667 0.088889 0.067778
0 0.319444 0.645000 0.127778 0.094444
0 0.300556 0.597222 0.087778 0.076667
