0 0.427778 0.530556 0.191111 0.105556
0 0.148333 0.481111 0.183333 0.168889
0 0.371667 0.416111 0.076667 0.092222
0 0.525556 0.449444 0.175556 0.085556
0 0.156667 0.752222 0.060000 0.057778
0 0.213889 0.743333 0.036667 0.046667
0 0.266667 0.726111 0.037778 0.050000
0 0.378889 0.687778 0.057778 0.042222
0 0.866667 0.746111 0.060000 0.043333
0 0.856111 0.725556 0.045556 0.040000
0 0.801667 0.621667 0.045556 0.056667
0 0.481667 0.654444 0.103333 0.046667
0 0.292778 0.492222 0.114444 0.155556
0 0.505000 0.370556 0.176667 0.052222
