0 0.142778 0.578333 0.058889 0.052222
0 0.163889 0.523889 0.036667 0.052222
0 0.098333 0.533333 0.078889 0.051111
0 0.227222 0.460556 0.065556 0.076667
0 0.658333 0.505556 0.076667 0.060000
0 0.602778 0.517778 0.065556 0.071111
0 0.923333 0.666111 0.095556 0.096667
0 0.862778 0.635000 0.056667 0.078889
0 0.791111 0.626111 0.086667 0.083333
0 0.756111 0.566667 0.056667 0.086667
0 0.819444 0.545556 0.090000 0.097778
0 0.883889 0.582778 0.061111 0.092222
0 0.920556 0.753333 0.103333 0.060000
0 0.602222 0.484444 0.033333 0.044444
0 0.548889 0.458889 0.062222 0.062222
0 0.511667 0.396111 0.043333 0.081111
0 0.673333 0.446667 0.068889 0.071111
0 0.752778 0.497222 0.058889 0.063333
0 0.713333 0.547222 0.057778 0.090000
0 0.618333 0.410000 0.065556 0.077778
