0 0.286667 0.458333 0.071111 0.070000
0 0.318889 0.471111 0.037778 0.035556
0 0.433333 0.499444 0.053333 0.072222
0 0.625000 0.497222 0.061111 0.056667
0 0.682222 0.505000 0.051111 0.076667
0 0.741667 0.514444 0.045556 0.044444
0 0.550556 0.505000 0.087778 0.087778
0 0.519444 0.364444 0.041111 0.051111
0 0.611667 0.381111 0.050000 0.062222
0 0.830556 0.422222 0.090000 0.057778
0 0.921667 0.431111 0.056667 0.082222
0 0.422778 0.268889 0.063333 0.060000
0 0.346111 0.258333 0.141111 0.072222
0 0.581111 0.321111 0.071111 0.046667
0 0.767222 0.340000 0.045556 0.055556
