0 0.671111 0.726667 0.071111 0.064444
0 0.980000 0.703889 0.051111 0.067778
0 0.817778 0.734444 0.071111 0.073333
0 0.753333 0.726111 0.080000 0.087778
0 0.708889 0.587222 0.057778 0.065556
0 0.727778 0.518889 0.088889 0.080000
0 0.857778 0.532778 0.042222 0.052222
0 0.950556 0.513889 0.070000 0.074444
0 0.976111 0.440000 0.052222 0.037778
0 0.918333 0.433333 0.056667 0.060000
0 0.972778 0.375556 0.034444 0.057778
0 0.938333 0.361667 0.072222 0.078889
0 0.825556 0.299444 0.197778 0.145556
0 0.670000 0.335000 0.088889 0.072222
0 0.611111 0.441667 0.102222 0.092222
0 0.548333 0.558889 0.081111 0.144444
0 0.081667 0.712778 0.036667 0.058889
0 0.137778 0.665000 0.084444 0.083333
0 0.051111 0.614444 0.093333 0.191111
0 0.302778 0.587778 0.107778 0.120000
